0011111111001100000011001100111100001111111100000000110000111100
0000111100001111001100001100000000110000111111110011000011110011
0011000000111111001111110000111100110011001111000000110000110011
0011001100111111001100110011111100001100001100110011001111000011
0011110011110011001111001100111100001100001111000011001100110000
0000110000000011000011111111111100110000111111000000110000110000
0011110000110000001111001100000000111111000000000000110000110011
0011001100111100001100110011111100110011111111110011111111111100
0011000011000000001111111111001100111111000011110011000011111100
0011111111110000001100000000001100110000110000000000110000110011
